\begin{table}
\caption{Monthly Anomaly Percentages Highlighted}
\label{tab:anomaly_percentages}
\begin{tabular}{lllllll}
\toprule
 & 2019 & 2020 & 2021 & 2022 & 2023 & 2024 \\
\midrule
Jan & 2.75% & 5.35% & 27.54% !!! & 8.60% & 8.56% & 47.20% !!! \\
Feb & 7.67% & 6.70% & 12.16% & 5.34% & 29.21% !!! & 38.92% !!! \\
Mar & 6.75% & 6.64% & 14.20% & 39.95% !!! & 1.64% & 30.83% !!! \\
Apr & 13.80% & 29.67% !!! & 5.10% & 13.51% & 3.41% & 34.51% !!! \\
May & 17.45% & 17.14% & 5.26% & 14.87% & 5.34% & 39.94% !!! \\
Jun & 23.64% !!! & 12.45% & 12.83% & 11.18% & 13.51% & 26.39% !!! \\
Jul & 25.86% !!! & 14.68% & 14.92% & 8.37% & 21.60% !!! & 14.57% \\
Aug & 19.76% !!! & 11.35% & 10.12% & 18.32% !!! & 38.47% !!! & 1.98% \\
Sep & 14.32% & 5.14% & 29.29% !!! & 3.92% & 45.67% !!! & 1.65% \\
Oct & 10.23% & 12.34% & 35.80% !!! & 23.39% !!! & 14.62% & 3.62% \\
Nov & 2.91% & 17.34% & 38.89% !!! & 7.29% & 2.47% & 31.09% !!! \\
Dec & 4.27% & 17.76% & 31.83% !!! & 8.47% & 15.88% & 21.79% !!! \\
\bottomrule
\end{tabular}
\end{table}
